0 0 31.2605 121.436 121.483
1 0 31.2055 121.4 121.3865
2 1 121.36949999999999 31.1585 31.1575
3 1 121.3375 31.136499999999998 31.13825
4 0 31.124000000000002 121.269 121.327
5 None
5 None
5 None
5 None
4 0 31.1265 121.35300000000001 121.35749999999999
5 None
5 None
5 None
5 None
4 1 121.31700000000001 31.147750000000002 31.14425
5 None
5 None
5 None
5 None
4 1 121.35 31.15 31.1505
5 None
5 None
5 None
5 None
3 0 31.12175 121.384 121.388
4 0 31.109 121.37625 121.3805
5 None
5 None
5 None
5 None
4 0 31.1045 121.39325 121.3885
5 None
5 None
5 None
5 None
4 0 31.14 121.38300000000001 121.38300000000001
5 None
5 None
5 None
5 None
4 0 31.14 121.39500000000001 121.394
5 None
5 None
5 None
5 None
3 0 31.17775 121.35024999999999 121.314
4 1 121.27950000000001 31.16875 31.16525
5 None
5 None
5 None
5 None
4 1 121.3555 31.1685 31.1715
5 None
5 None
5 None
5 None
4 1 121.30075 31.193 31.198999999999998
5 None
5 None
5 None
5 None
4 1 121.36099999999999 31.186999999999998 31.189500000000002
5 None
5 None
5 None
5 None
3 1 121.38550000000001 31.1725 31.174500000000002
4 1 121.38024999999999 31.1675 31.1635
5 None
5 None
5 None
5 None
4 0 31.166 121.39625000000001 121.3905
5 None
5 None
5 None
5 None
4 1 121.3775 31.18425 31.18825
5 None
5 None
5 None
5 None
4 0 31.194000000000003 121.394 121.392
5 None
5 None
5 None
5 None
2 0 31.166 121.4175 121.4205
3 0 31.136499999999998 121.4065 121.408
4 0 31.1255 121.4035 121.40275
5 None
5 None
5 None
5 None
4 0 31.1285 121.411 121.411
5 None
5 None
5 None
5 None
4 0 31.15175 121.40299999999999 121.406
5 None
5 None
5 None
5 None
4 0 31.1455 121.412 121.4135
5 None
5 None
5 None
5 None
3 0 31.1445 121.42675 121.4265
4 1 121.42175 31.136499999999998 31.133
5 None
5 None
5 None
5 None
4 0 31.1325 121.43100000000001 121.43
5 None
5 None
5 None
5 None
4 0 31.155 121.42325 121.42150000000001
5 None
5 None
5 None
5 None
4 0 31.157 121.43299999999999 121.42949999999999
5 None
5 None
5 None
5 None
3 0 31.18 121.4125 121.412
4 1 121.406 31.173000000000002 31.173000000000002
5 None
5 None
5 None
5 None
4 0 31.173000000000002 121.41725 121.41525
5 None
5 None
5 None
5 None
4 0 31.19225 121.40525 121.406
5 None
5 None
5 None
5 None
4 1 121.4145 31.191000000000003 31.198999999999998
5 None
5 None
5 None
5 None
3 0 31.18725 121.428 121.42850000000001
4 0 31.18 121.4235 121.4245
5 None
5 None
5 None
5 None
4 0 31.17875 121.432 121.43299999999999
5 None
5 None
5 None
5 None
4 0 31.195 121.4235 121.4245
5 None
5 None
5 None
5 None
4 0 31.197499999999998 121.43175000000001 121.43074999999999
5 None
5 None
5 None
5 None
2 1 121.36099999999999 31.240000000000002 31.238
3 1 121.3315 31.233 31.2215
4 1 121.30775 31.212249999999997 31.215
5 None
5 None
5 None
5 None
4 0 31.215 121.354 121.35499999999999
5 None
5 None
5 None
5 None
4 0 31.238 121.3155 121.3155
5 None
5 None
5 None
5 None
4 0 31.225 121.347 121.346
5 None
5 None
5 None
5 None
3 0 31.227 121.372 121.37
4 0 31.213 121.3655 121.36725000000001
5 None
5 None
5 None
5 None
4 1 121.381 31.21375 31.21425
5 None
5 None
5 None
5 None
4 0 31.233249999999998 121.3675 121.36500000000001
5 None
5 None
5 None
5 None
4 1 121.3775 31.233249999999998 31.2305
5 None
5 None
5 None
5 None
3 1 121.33225 31.2455 31.250500000000002
4 None
4 1 121.3545 31.2425 31.2455
5 None
5 None
5 None
5 None
4 1 121.32050000000001 31.2515 31.2555
5 None
5 None
5 None
5 None
4 0 31.255499999999998 121.342 121.3425
5 None
5 None
5 None
5 None
3 1 121.3725 31.25 31.248
4 0 31.24525 121.36825 121.3655
5 None
5 None
5 None
5 None
4 0 31.244 121.3815 121.37825
5 None
5 None
5 None
5 None
4 0 31.25525 121.366 121.3665
5 None
5 None
5 None
5 None
4 0 31.253500000000003 121.381 121.3785
5 None
5 None
5 None
5 None
2 0 31.235500000000002 121.4145 121.4125
3 0 31.21875 121.402 121.40299999999999
4 1 121.393 31.212 31.2115
5 None
5 None
5 None
5 None
4 1 121.40700000000001 31.21 31.215249999999997
5 None
5 None
5 None
5 None
4 1 121.3955 31.226 31.231
5 None
5 None
5 None
5 None
4 0 31.227 121.4075 121.41025
5 None
5 None
5 None
5 None
3 0 31.2175 121.422 121.42750000000001
4 0 31.2125 121.4185 121.41825
5 None
5 None
5 None
5 None
4 1 121.428 31.2115 31.21275
5 None
5 None
5 None
5 None
4 0 31.223 121.4205 121.422
5 None
5 None
5 None
5 None
4 0 31.2245 121.42975000000001 121.432
5 None
5 None
5 None
5 None
3 0 31.2485 121.4025 121.3985
4 0 31.2405 121.395 121.39825
5 None
5 None
5 None
5 None
4 0 31.24125 121.40450000000001 121.4085
5 None
5 None
5 None
5 None
4 0 31.2545 121.39225 121.39399999999999
5 None
5 None
5 None
5 None
4 0 31.253999999999998 121.40700000000001 121.4045
5 None
5 None
5 None
5 None
3 1 121.426 31.243499999999997 31.249499999999998
4 1 121.4185 31.238500000000002 31.239
5 None
5 None
5 None
5 None
4 0 31.243499999999997 121.4345 121.43100000000001
5 None
5 None
5 None
5 None
4 0 31.252000000000002 121.42 121.41875
5 None
5 None
5 None
5 None
4 0 31.25675 121.43 121.432
5 None
5 None
5 None
5 None
1 1 121.474 31.2085 31.214
2 0 31.1875 121.4495 121.4565
3 0 31.166249999999998 121.44200000000001 121.4425
4 0 31.1385 121.439 121.43875
5 None
5 None
5 None
5 None
4 0 31.1555 121.44675000000001 121.4465
5 None
5 None
5 None
5 None
4 0 31.1805 121.439 121.4365
5 None
5 None
5 None
5 None
4 0 31.1795 121.446 121.446
5 None
5 None
5 None
5 None
3 0 31.1605 121.4555 121.45675
4 0 31.145 121.452 121.45249999999999
5 None
5 None
5 None
5 None
4 0 31.155250000000002 121.458 121.45949999999999
5 None
5 None
5 None
5 None
4 0 31.179 121.45175 121.453
5 None
5 None
5 None
5 None
4 0 31.1765 121.45775 121.4605
5 None
5 None
5 None
5 None
3 0 31.197 121.44725 121.44624999999999
4 0 31.19175 121.44225 121.44149999999999
5 None
5 None
5 None
5 None
4 0 31.1925 121.4515 121.45475
5 None
5 None
5 None
5 None
4 1 121.44125 31.204 31.201999999999998
5 None
5 None
5 None
5 None
4 1 121.45124999999999 31.2015 31.20075
5 None
5 None
5 None
5 None
3 1 121.4665 31.198 31.198500000000003
4 1 121.46199999999999 31.19275 31.195
5 None
5 None
5 None
5 None
4 0 31.195 121.47075000000001 121.4725
5 None
5 None
5 None
5 None
4 0 31.203 121.46175 121.46074999999999
5 None
5 None
5 None
5 None
4 0 31.204 121.47049999999999 121.4695
5 None
5 None
5 None
5 None
2 0 31.192 121.51150000000001 121.48949999999999
3 0 31.161 121.499 121.49525
4 0 31.149 121.4935 121.4905
5 None
5 None
5 None
5 None
4 0 31.125 121.50399999999999 121.5055
5 None
5 None
5 None
5 None
4 0 31.177 121.48750000000001 121.4845
5 None
5 None
5 None
5 None
4 0 31.1765 121.50174999999999 121.50450000000001
5 None
5 None
5 None
5 None
3 0 31.17 121.5415 121.53975
4 0 31.147 121.524 121.53125
5 None
5 None
5 None
5 None
4 0 31.147 121.59649999999999 121.57050000000001
5 None
5 None
5 None
5 None
4 1 121.5265 31.183 31.184
5 None
5 None
5 None
5 None
4 1 121.555 31.182000000000002 31.180999999999997
5 None
5 None
5 None
5 None
3 0 31.204 121.4805 121.481
4 0 31.200000000000003 121.477 121.47774999999999
5 None
5 None
5 None
5 None
4 0 31.200250000000004 121.483 121.4845
5 None
5 None
5 None
5 None
4 0 31.2075 121.478 121.47825
5 None
5 None
5 None
5 None
4 1 121.4845 31.2085 31.209
5 None
5 None
5 None
5 None
3 1 121.535 31.206249999999997 31.2045
4 1 121.51050000000001 31.2015 31.198500000000003
5 None
5 None
5 None
5 None
4 1 121.561 31.1995 31.198999999999998
5 None
5 None
5 None
5 None
4 1 121.5 31.210250000000002 31.2115
5 None
5 None
5 None
5 None
4 1 121.55125000000001 31.2075 31.209
5 None
5 None
5 None
5 None
2 0 31.2325 121.452 121.455
3 0 31.222 121.4445 121.4445
4 0 31.218 121.4405 121.43849999999999
5 None
5 None
5 None
5 None
4 0 31.2145 121.4485 121.449
5 None
5 None
5 None
5 None
4 0 31.2285 121.44049999999999 121.44099999999999
5 None
5 None
5 None
5 None
4 0 31.227 121.44874999999999 121.45075
5 None
5 None
5 None
5 None
3 0 31.22 121.463 121.4605
4 1 121.45724999999999 31.2165 31.2125
5 None
5 None
5 None
5 None
4 1 121.46950000000001 31.215 31.2125
5 None
5 None
5 None
5 None
4 0 31.225 121.4555 121.4565
5 None
5 None
5 None
5 None
4 0 31.227 121.46775 121.465
5 None
5 None
5 None
5 None
3 0 31.2455 121.4445 121.44399999999999
4 0 31.2405 121.43950000000001 121.44
5 None
5 None
5 None
5 None
4 0 31.23825 121.45150000000001 121.44999999999999
5 None
5 None
5 None
5 None
4 0 31.25275 121.44 121.44
5 None
5 None
5 None
5 None
4 1 121.44999999999999 31.256500000000003 31.2565
5 None
5 None
5 None
5 None
3 0 31.250999999999998 121.464 121.4635
4 0 31.243499999999997 121.45925 121.46000000000001
5 None
5 None
5 None
5 None
4 0 31.241999999999997 121.47 121.469
5 None
5 None
5 None
5 None
4 0 31.255499999999998 121.459 121.45824999999999
5 None
5 None
5 None
5 None
4 0 31.25625 121.4675 121.4705
5 None
5 None
5 None
5 None
2 1 121.49525 31.235999999999997 31.2405
3 0 31.223750000000003 121.48275 121.48249999999999
4 1 121.47800000000001 31.2185 31.2165
5 None
5 None
5 None
5 None
4 0 31.2175 121.488 121.48925
5 None
5 None
5 None
5 None
4 0 31.2305 121.47975 121.4785
5 None
5 None
5 None
5 None
4 0 31.22925 121.49 121.48775
5 None
5 None
5 None
5 None
3 1 121.5215 31.221249999999998 31.226750000000003
4 0 31.2185 121.5175 121.5015
5 None
5 None
5 None
5 None
4 1 121.5335 31.2215 31.22075
5 None
5 None
5 None
5 None
4 0 31.234499999999997 121.5135 121.51150000000001
5 None
5 None
5 None
5 None
4 1 121.54599999999999 31.234 31.234
5 None
5 None
5 None
5 None
3 0 31.2495 121.4845 121.485
4 0 31.2395 121.47775 121.4805
5 None
5 None
5 None
5 None
4 0 31.2425 121.486 121.48825
5 None
5 None
5 None
5 None
4 0 31.255000000000003 121.47999999999999 121.47999999999999
5 None
5 None
5 None
5 None
4 0 31.2545 121.4915 121.48949999999999
5 None
5 None
5 None
5 None
3 1 121.53025 31.25425 31.2505
4 1 121.5065 31.24975 31.252000000000002
5 None
5 None
5 None
5 None
4 1 121.5745 31.246000000000002 31.24575
5 None
5 None
5 None
5 None
4 1 121.5115 31.2575 31.258250000000004
5 None
5 None
5 None
5 None
4 1 121.583 31.256500000000003 31.2545
5 None
5 None
5 None
5 None
1 0 31.294 121.4245 121.44200000000001
2 1 121.398 31.277 31.2765
3 1 121.37700000000001 31.267 31.2715
4 1 121.3395 31.262999999999998 31.264000000000003
5 None
5 None
5 None
5 None
4 1 121.39 31.26825 31.26625
5 None
5 None
5 None
5 None
4 1 121.3115 31.271 31.27
5 None
5 None
5 None
5 None
4 None
3 0 31.271 121.4135 121.41499999999999
4 0 31.266 121.4045 121.407
5 None
5 None
5 None
5 None
4 1 121.41825 31.266 31.2655
5 None
5 None
5 None
5 None
4 0 31.274 121.41 121.408
5 None
5 None
5 None
5 None
4 0 31.2735 121.42125 121.419
5 None
5 None
5 None
5 None
3 1 121.34700000000001 31.289250000000003 31.284
4 1 121.3195 31.287 31.283
5 None
5 None
5 None
5 None
4 1 121.35249999999999 31.2815 31.280250000000002
5 None
5 None
5 None
5 None
4 1 121.3265 31.29175 31.291
5 None
5 None
5 None
5 None
4 1 121.38600000000001 31.2885 31.2915
5 None
5 None
5 None
5 None
3 0 31.285 121.4135 121.4085
4 1 121.4055 31.2825 31.2825
5 None
5 None
5 None
5 None
4 1 121.4185 31.282 31.282
5 None
5 None
5 None
5 None
4 1 121.40299999999999 31.2915 31.2905
5 None
5 None
5 None
5 None
4 1 121.416 31.288 31.29
5 None
5 None
5 None
5 None
2 1 121.458 31.278 31.276
3 1 121.44149999999999 31.2695 31.269
4 0 31.26425 121.433 121.43100000000001
5 None
5 None
5 None
5 None
4 1 121.4495 31.2635 31.264499999999998
5 None
5 None
5 None
5 None
4 1 121.43299999999999 31.2745 31.2745
5 None
5 None
5 None
5 None
4 0 31.2725 121.45025 121.452
5 None
5 None
5 None
5 None
3 1 121.4725 31.2675 31.2695
4 0 31.264000000000003 121.4665 121.46475
5 None
5 None
5 None
5 None
4 1 121.47874999999999 31.265749999999997 31.264499999999998
5 None
5 None
5 None
5 None
4 1 121.4635 31.271749999999997 31.2715
5 None
5 None
5 None
5 None
4 1 121.477 31.27175 31.273
5 None
5 None
5 None
5 None
3 0 31.284 121.4455 121.44274999999999
4 1 121.43950000000001 31.2815 31.27975
5 None
5 None
5 None
5 None
4 1 121.45275000000001 31.281 31.27975
5 None
5 None
5 None
5 None
4 1 121.43350000000001 31.29 31.2905
5 None
5 None
5 None
5 None
4 0 31.29 121.44749999999999 121.4495
5 None
5 None
5 None
5 None
3 0 31.2855 121.47625 121.4765
4 1 121.4695 31.28 31.279
5 None
5 None
5 None
5 None
4 0 31.28 121.47975 121.48
5 None
5 None
5 None
5 None
4 1 121.47075000000001 31.2895 31.2885
5 None
5 None
5 None
5 None
4 0 31.29 121.4805 121.48125
5 None
5 None
5 None
5 None
2 1 121.39750000000001 31.317 31.329
3 1 121.321 31.3075 31.311
4 None
4 1 121.34649999999999 31.3005 31.305
5 None
5 None
5 None
5 None
4 0 31.31075 121.315 121.31450000000001
5 None
5 None
5 None
5 None
4 1 121.37950000000001 31.314749999999997 31.3135
5 None
5 None
5 None
5 None
3 1 121.424 31.305 31.311999999999998
4 1 121.41 31.299 31.30075
5 None
5 None
5 None
5 None
4 0 31.302 121.4345 121.4375
5 None
5 None
5 None
5 None
4 0 31.311999999999998 121.408 121.40700000000001
5 None
5 None
5 None
5 None
4 0 31.3225 121.438 121.434
5 None
5 None
5 None
5 None
3 1 121.3685 31.359 31.326500000000003
4 0 31.3475 121.31774999999999 121.363
5 None
5 None
5 None
5 None
4 1 121.381 31.320500000000003 31.321
5 None
5 None
5 None
5 None
4 1 121.344 31.378500000000003 31.387500000000003
5 None
5 None
5 None
5 None
4 0 31.351 121.378 121.387
5 None
5 None
5 None
5 None
3 0 31.3535 121.432 121.429
4 0 31.3465 121.4265 121.41499999999999
5 None
5 None
5 None
5 None
4 0 31.3355 121.43875 121.4385
5 None
5 None
5 None
5 None
4 0 31.383499999999998 121.41075000000001 121.417
5 None
5 None
5 None
5 None
4 0 31.371000000000002 121.43325000000002 121.43525
5 None
5 None
5 None
5 None
2 1 121.461 31.32075 31.319000000000003
3 0 31.3105 121.451 121.452
4 0 31.302999999999997 121.4465 121.44800000000001
5 None
5 None
5 None
5 None
4 0 31.305 121.45925 121.4545
5 None
5 None
5 None
5 None
4 0 31.316000000000003 121.447 121.4495
5 None
5 None
5 None
5 None
4 1 121.45775 31.3145 31.3175
5 None
5 None
5 None
5 None
3 1 121.47399999999999 31.305 31.301499999999997
4 1 121.469 31.301000000000002 31.298750000000002
5 None
5 None
5 None
5 None
4 0 31.297 121.47800000000001 121.4785
5 None
5 None
5 None
5 None
4 0 31.3135 121.4675 121.4675
5 None
5 None
5 None
5 None
4 0 31.3065 121.47825 121.4805
5 None
5 None
5 None
5 None
3 0 31.333 121.45249999999999 121.4495
4 0 31.326 121.446 121.447
5 None
5 None
5 None
5 None
4 1 121.457 31.33 31.328249999999997
5 None
5 None
5 None
5 None
4 0 31.3385 121.445 121.445
5 None
5 None
5 None
5 None
4 0 31.337 121.45475 121.45525
5 None
5 None
5 None
5 None
3 0 31.3285 121.475 121.477
4 0 31.323999999999998 121.473 121.4695
5 None
5 None
5 None
5 None
4 None
4 0 31.3375 121.47274999999999 121.47200000000001
5 None
5 None
5 None
5 None
4 0 31.338 121.4805 121.48025
5 None
5 None
5 None
5 None
1 0 31.298000000000002 121.521 121.518
2 0 31.2795 121.5015 121.5035
3 0 31.2705 121.4925 121.4925
4 0 31.2655 121.4865 121.4885
5 None
5 None
5 None
5 None
4 0 31.265 121.49825000000001 121.4975
5 None
5 None
5 None
5 None
4 0 31.277 121.487 121.48849999999999
5 None
5 None
5 None
5 None
4 0 31.275 121.49799999999999 121.49799999999999
5 None
5 None
5 None
5 None
3 1 121.51150000000001 31.27 31.271749999999997
4 None
4 0 31.2675 121.51775 121.51475
5 None
5 None
5 None
5 None
4 1 121.50775 31.27425 31.274
5 None
5 None
5 None
5 None
4 0 31.275 121.516 121.518
5 None
5 None
5 None
5 None
3 1 121.4905 31.291 31.288249999999998
4 0 31.285 121.488 121.4855
5 None
5 None
5 None
5 None
4 0 31.2845 121.49600000000001 121.49600000000001
5 None
5 None
5 None
5 None
4 1 121.488 31.2945 31.2945
5 None
5 None
5 None
5 None
4 0 31.293 121.4975 121.49775
5 None
5 None
5 None
5 None
3 0 31.2905 121.5125 121.5135
4 0 31.283 121.50825 121.507
5 None
5 None
5 None
5 None
4 0 31.287 121.517 121.518
5 None
5 None
5 None
5 None
4 0 31.2935 121.51050000000001 121.50874999999999
5 None
5 None
5 None
5 None
4 None
2 0 31.2795 121.54050000000001 121.53800000000001
3 0 31.2685 121.53425 121.532
4 1 121.527 31.2635 31.264
5 None
5 None
5 None
5 None
4 None
4 1 121.527 31.274749999999997 31.277
5 None
5 None
5 None
5 None
4 0 31.273 121.536 121.537
5 None
5 None
5 None
5 None
3 1 121.5515 31.272 31.2705
4 None
4 1 121.5915 31.265749999999997 31.26475
5 None
5 None
5 None
5 None
4 0 31.276 121.54475 121.548
5 None
5 None
5 None
5 None
4 1 121.57 31.27375 31.275
5 None
5 None
5 None
5 None
3 0 31.2875 121.529 121.5295
4 1 121.52575 31.283250000000002 31.2835
5 None
5 None
5 None
5 None
4 1 121.5335 31.283749999999998 31.284
5 None
5 None
5 None
5 None
4 None
4 1 121.53425 31.294249999999998 None
5 None
5 None
5 None
5 None
3 1 121.54599999999999 31.29 31.288
4 0 31.284 121.542 121.5435
5 None
5 None
5 None
5 None
4 1 121.5615 31.283 31.2825
5 None
5 None
5 None
5 None
4 1 121.54175000000001 31.2935 31.2945
5 None
5 None
5 None
5 None
4 1 121.55250000000001 31.2895 31.293
5 None
5 None
5 None
5 None
2 0 31.314 121.5025 121.49549999999999
3 0 31.307000000000002 121.489 121.49025
4 0 31.304000000000002 121.485 121.485
5 None
5 None
5 None
5 None
4 1 121.49575 31.30375 31.304
5 None
5 None
5 None
5 None
4 None
4 None
3 0 31.3045 121.50999999999999 121.51124999999999
4 0 31.3025 121.506 121.5035
5 None
5 None
5 None
5 None
4 1 121.51400000000001 31.3025 31.301499999999997
5 None
5 None
5 None
5 None
4 0 31.30975 121.5065 None
5 None
5 None
5 None
5 None
4 0 31.30775 121.51400000000001 121.5145
5 None
5 None
5 None
5 None
3 0 31.33325 121.48849999999999 121.48949999999999
4 0 31.316499999999998 None 121.4845
5 None
5 None
5 None
5 None
4 0 31.3185 121.49175 121.4905
5 None
5 None
5 None
5 None
4 0 31.364 121.485 121.48625
5 None
5 None
5 None
5 None
4 0 31.3445 121.4915 121.49199999999999
5 None
5 None
5 None
5 None
3 1 121.505 31.3455 31.33
4 0 31.3365 121.501 121.4985
5 None
5 None
5 None
5 None
4 0 31.319000000000003 121.511 121.5085
5 None
5 None
5 None
5 None
4 None
4 None
2 0 31.3195 121.531 121.5335
3 0 31.313000000000002 121.5235 121.5255
4 0 31.3075 121.52000000000001 121.52125000000001
5 None
5 None
5 None
5 None
4 0 31.307000000000002 121.52875 121.528
5 None
5 None
5 None
5 None
4 0 31.316499999999998 121.5225 121.52325
5 None
5 None
5 None
5 None
4 None
3 0 31.3105 121.539 121.536
4 0 31.305 121.53399999999999 121.535
5 None
5 None
5 None
5 None
4 0 31.3065 121.54175 121.54725
5 None
5 None
5 None
5 None
4 0 31.314 121.53275 121.533
5 None
5 None
5 None
5 None
4 0 31.314 121.54050000000001 121.53999999999999
5 None
5 None
5 None
5 None
3 0 31.325499999999998 121.5275 121.527
4 None
4 None
4 None
4 1 121.52975 31.333 31.3295
5 None
5 None
5 None
5 None
3 1 121.54050000000001 31.326999999999998 31.336
4 None
4 1 121.5445 31.32775 31.3245
5 None
5 None
5 None
5 None
4 0 31.3295 121.53775 121.5355
5 None
5 None
5 None
5 None
4 1 121.5745 31.3465 31.344
5 None
5 None
5 None
5 None
